{
  "advancedEditorSelectedIdentifier" : "ShaderGraphEditorPluginID",
  "openSceneRelativePaths" : [
    "AffectionBall.usda",
    "PraiseBall.usda"
  ],
  "recentIdentifiers" : {
    "07EB5D0C-9FD4-40AB-8115-848CF457676D" : [

    ],
    "27D3026E-E4E3-410C-8F45-25B8E8E9DB6E" : [

    ],
    "2AAD8FB8-B921-42E3-90AF-A6FB4A037195" : [

    ],
    "3BC015D7-B4A4-4AAE-B7DC-ADEC98EFD0BB" : [

    ],
    "7B16BA2E-15EF-448A-BF3F-321B2269D6AF" : [

    ],
    "972EE4DE-3C93-4366-8E10-97EF19CE56F1" : [

    ],
    "BD7C1070-E975-4967-A5B4-44FB3583670F" : [

    ],
    "EB1E5D2D-99BB-4324-8ED2-D8EB6ADBE514" : [

    ]
  },
  "sceneCameraHistory" : {
    "07EB5D0C-9FD4-40AB-8115-848CF457676D" : [
      {
        "date" : 802342805.288334,
        "title" : "Untitled",
        "transform" : [
          -0.97507244,
          -0.0019390319,
          -0.22187775,
          0,
          -0.13640675,
          0.79392254,
          0.59252024,
          0,
          0.1750048,
          0.6080158,
          -0.77439654,
          0,
          10.0108385,
          30.666178,
          -48.9881,
          1
        ]
      },
      {
        "date" : 802342800.428726,
        "title" : "Untitled",
        "transform" : [
          -0.99999446,
          -0.0019390406,
          0.002685184,
          0,
          0.0026127922,
          0.036431443,
          0.9993328,
          0,
          -0.002035596,
          0.9993342,
          -0.03642617,
          0,
          -1.1831435,
          58.072575,
          -8.163436,
          1
        ]
      },
      {
        "date" : 802342255.383911,
        "title" : "Untitled",
        "transform" : [
          -0.8665134,
          -0.0019390533,
          -0.49915016,
          0,
          -0.24589092,
          0.87189883,
          0.423474,
          0,
          0.43438727,
          0.48968235,
          -0.7559888,
          0,
          25.917282,
          23.29195,
          -47.18309,
          1
        ]
      },
      {
        "date" : 802342253.139934,
        "title" : "Untitled",
        "transform" : [
          -0.8665133,
          -0.0019390535,
          -0.49915013,
          0,
          -0.2458909,
          0.87189883,
          0.42347398,
          0,
          0.43438724,
          0.48968235,
          -0.7559888,
          0,
          52.352135,
          47.04903,
          -95.30842,
          1
        ]
      },
      {
        "date" : 802342077.301685,
        "title" : "Untitled",
        "transform" : [
          -0.86651343,
          -0.0019390843,
          -0.4991501,
          0,
          -0.2458907,
          0.87189883,
          0.423474,
          0,
          0.43438736,
          0.48968288,
          -0.75598836,
          0,
          34.771397,
          38.70174,
          -52.53367,
          1
        ]
      },
      {
        "date" : 802342048.707844,
        "title" : "Untitled",
        "transform" : [
          -0.9929165,
          -0.0019391037,
          -0.11879797,
          0,
          -0.06448687,
          0.84857243,
          0.5251343,
          0,
          0.099790744,
          0.5290762,
          -0.84268624,
          0,
          11.126063,
          41.53906,
          -60.144638,
          1
        ]
      },
      {
        "date" : 802342021.0387,
        "title" : "Untitled",
        "transform" : [
          -0.99473965,
          -0.0019391021,
          -0.10241693,
          0,
          -0.0723934,
          0.7206687,
          0.68948966,
          0,
          0.07247204,
          0.69327754,
          -0.7170175,
          0,
          9.0947075,
          53.275322,
          -50.454784,
          1
        ]
      },
      {
        "date" : 802342004.226612,
        "title" : "Untitled",
        "transform" : [
          -0.9058052,
          -0.0019390921,
          0.42369017,
          0,
          0.27495754,
          0.7581315,
          0.59129936,
          0,
          -0.32235873,
          0.65209955,
          -0.6861859,
          0,
          -19.36265,
          50.34801,
          -50.565056,
          1
        ]
      },
      {
        "date" : 802341973.52352,
        "title" : "Untitled",
        "transform" : [
          -0.9995636,
          -0.0019390902,
          -0.029476965,
          0,
          -0.02574536,
          0.54646003,
          0.8370893,
          0,
          0.014485335,
          0.8374835,
          -0.5462706,
          0,
          4.973694,
          63.400032,
          -37.71414,
          1
        ]
      },
      {
        "date" : 802341960.556716,
        "title" : "Untitled",
        "transform" : [
          -0.99920714,
          -0.0019390897,
          0.039769847,
          0,
          0.025242295,
          0.74160993,
          0.6703562,
          0,
          -0.030793,
          0.67082936,
          -0.7409723,
          0,
          1.7823399,
          51.68102,
          -52.84462,
          1
        ]
      }
    ],
    "27D3026E-E4E3-410C-8F45-25B8E8E9DB6E" : [
      {
        "date" : 802359213.739159,
        "title" : "Untitled",
        "transform" : [
          1,
          0,
          0,
          0,
          0,
          0.7071069,
          -0.70710677,
          0,
          0,
          0.70710677,
          0.7071069,
          0,
          0,
          0.7156337,
          0.71563387,
          1
        ]
      },
      {
        "date" : 802359209.172361,
        "title" : "Untitled",
        "transform" : [
          1,
          0,
          0,
          0,
          0,
          0.7071069,
          -0.70710677,
          0,
          0,
          0.70710677,
          0.7071069,
          0,
          0,
          4.1164823,
          4.116483,
          1
        ]
      }
    ],
    "2C11819C-4E5B-41B7-AA0C-AC7115243EEE" : [
      {
        "date" : 802358181.510905,
        "title" : "Untitled",
        "transform" : [
          0.115962744,
          2.0353789e-06,
          -0.9932535,
          0,
          -0.6722406,
          0.73616093,
          -0.07848282,
          0,
          0.7311943,
          0.67680657,
          0.08536862,
          0,
          0.38653612,
          0.28857794,
          0.09643088,
          1
        ]
      },
      {
        "date" : 802358080.743311,
        "title" : "Untitled",
        "transform" : [
          -0.25668412,
          2.0507007e-06,
          -0.96649534,
          0,
          -0.50516754,
          0.85252875,
          0.1341654,
          0,
          0.8239654,
          0.5226802,
          -0.21882957,
          0,
          0.44144326,
          0.20724821,
          -0.06451671,
          1
        ]
      },
      {
        "date" : 802358074.535084,
        "title" : "Untitled",
        "transform" : [
          0.2730096,
          0.0030789764,
          -0.9620063,
          0,
          -0.51336867,
          0.84617305,
          -0.1429816,
          0,
          0.81358373,
          0.53289926,
          0.23259406,
          0,
          0.44332752,
          0.20813282,
          -0.06479209,
          1
        ]
      },
      {
        "date" : 802358065.335709,
        "title" : "Untitled",
        "transform" : [
          0.42520192,
          0.0030789718,
          -0.90509325,
          0,
          -0.712629,
          0.6176421,
          -0.3326834,
          0,
          0.55799943,
          0.7864533,
          0.2648168,
          0,
          0.363061,
          0.3335335,
          -0.031601984,
          1
        ]
      },
      {
        "date" : 802358063.807545,
        "title" : "Untitled",
        "transform" : [
          -0.08671529,
          1.8138299e-10,
          -0.9962331,
          0,
          -0.6725974,
          0.73768914,
          0.058545023,
          0,
          0.73491037,
          0.6751407,
          -0.063968934,
          0,
          0.363061,
          0.3335335,
          -0.031601984,
          1
        ]
      }
    ],
    "3BC015D7-B4A4-4AAE-B7DC-ADEC98EFD0BB" : [
      {
        "date" : 802364192.805399,
        "title" : "Untitled",
        "transform" : [
          -0.92613566,
          -0.047088996,
          0.37424004,
          0,
          0.34627363,
          0.28726003,
          0.89307123,
          0,
          -0.14955725,
          0.9566948,
          -0.24973519,
          0,
          -0.072420895,
          0.26879692,
          -0.093835585,
          1
        ]
      },
      {
        "date" : 802364135.790496,
        "title" : "Untitled",
        "transform" : [
          0.15571088,
          -0.04708898,
          0.98667973,
          0,
          0.70312256,
          0.70686245,
          -0.07722712,
          0,
          -0.6938097,
          0.7057827,
          0.14317504,
          0,
          -0.22145084,
          0.18238893,
          0.063209936,
          1
        ]
      },
      {
        "date" : 802364129.820999,
        "title" : "Untitled",
        "transform" : [
          -0.79883045,
          -0.047088988,
          0.59971046,
          0,
          0.10896095,
          0.9691147,
          0.22123319,
          0,
          -0.5916055,
          0.24207386,
          -0.7690274,
          0,
          -0.19127224,
          0.038949877,
          -0.21954393,
          1
        ]
      },
      {
        "date" : 802364104.567823,
        "title" : "Untitled",
        "transform" : [
          -0.9419236,
          -0.04708894,
          0.3325095,
          0,
          0.32286257,
          0.14548,
          0.93519807,
          0,
          -0.09241039,
          0.9882401,
          -0.12182696,
          0,
          -0.055330418,
          0.2824794,
          -0.058699563,
          1
        ]
      },
      {
        "date" : 802363793.587536,
        "title" : "Untitled",
        "transform" : [
          -0.9816099,
          -0.047088943,
          0.18499936,
          0,
          0.1253963,
          0.5716497,
          0.8108591,
          0,
          -0.1439369,
          0.81914604,
          -0.55523145,
          0,
          -0.064859435,
          0.21970701,
          -0.18391241,
          1
        ]
      },
      {
        "date" : 802363775.531485,
        "title" : "Untitled",
        "transform" : [
          -0.7873611,
          -0.047088973,
          0.6146911,
          0,
          0.5494284,
          0.3986541,
          0.7343047,
          0,
          -0.27962595,
          0.91589206,
          -0.28801224,
          0,
          -0.114080645,
          0.25337884,
          -0.0953229,
          1
        ]
      },
      {
        "date" : 802363117.711383,
        "title" : "Untitled",
        "transform" : [
          -0.9433509,
          -0.04708901,
          -0.3284384,
          0,
          -0.3241284,
          0.34237373,
          0.8818848,
          0,
          0.070921615,
          0.9383833,
          -0.3382409,
          0,
          0.012727533,
          0.26171547,
          -0.13283363,
          1
        ]
      },
      {
        "date" : 802363108.340442,
        "title" : "Untitled",
        "transform" : [
          -0.9988897,
          -0.04708895,
          -0.001453355,
          0,
          -0.025675856,
          0.51827663,
          0.85482746,
          0,
          -0.039499577,
          0.8539159,
          -0.5189098,
          0,
          -0.029973872,
          0.23152989,
          -0.17831777,
          1
        ]
      },
      {
        "date" : 802363101.94028,
        "title" : "Untitled",
        "transform" : [
          -0.825693,
          -0.047088973,
          0.5621511,
          0,
          0.47766918,
          0.47177178,
          0.74112326,
          0,
          -0.30010542,
          0.88046265,
          -0.3670455,
          0,
          -0.11851624,
          0.24073872,
          -0.11958471,
          1
        ]
      },
      {
        "date" : 802363095.590199,
        "title" : "Untitled",
        "transform" : [
          -0.9700217,
          -0.047088973,
          0.23841277,
          0,
          0.22552298,
          0.19107546,
          0.95531636,
          0,
          -0.09053959,
          0.98044515,
          -0.17472725,
          0,
          -0.05224511,
          0.27876404,
          -0.07656865,
          1
        ]
      }
    ],
    "45AFEA7E-747A-4DB6-B7C0-E43F5CD3666F" : [
      {
        "date" : 802312754.163401,
        "title" : "Untitled",
        "transform" : [
          1,
          0,
          0,
          0,
          0,
          0.7071069,
          -0.7071067,
          0,
          0,
          0.7071067,
          0.7071069,
          0,
          0.0007545892,
          1.8226954,
          1.8295041,
          1
        ]
      },
      {
        "date" : 802237532.172836,
        "title" : "Untitled",
        "transform" : [
          1,
          0,
          -0,
          0,
          -0,
          0.7071069,
          -0.7071067,
          0,
          0,
          0.7071067,
          0.7071069,
          0,
          -0.007351404,
          0.80669874,
          0.7447277,
          1
        ]
      },
      {
        "date" : 802237450.5732,
        "title" : "Untitled",
        "transform" : [
          1,
          0,
          0,
          0,
          0,
          0.7071069,
          -0.70710677,
          0,
          0,
          0.70710677,
          0.7071069,
          0,
          0,
          0.73943454,
          0.7394348,
          1
        ]
      },
      {
        "date" : 802237384.031502,
        "title" : "Untitled",
        "transform" : [
          1,
          0,
          0,
          0,
          0,
          0.7071069,
          -0.70710677,
          0,
          0,
          0.70710677,
          0.7071069,
          0,
          0,
          0.8078674,
          0.80786765,
          1
        ]
      },
      {
        "date" : 802237381.848643,
        "title" : "Untitled",
        "transform" : [
          1,
          0,
          0,
          0,
          0,
          0.7071069,
          -0.70710677,
          0,
          0,
          0.70710677,
          0.7071069,
          0,
          0,
          0.8587318,
          0.858732,
          1
        ]
      }
    ],
    "7B16BA2E-15EF-448A-BF3F-321B2269D6AF" : [
      {
        "date" : 802360243.807534,
        "title" : "Untitled",
        "transform" : [
          0.9830009,
          -0.0015758628,
          0.183594,
          0,
          0.12489098,
          0.73870957,
          -0.6623521,
          0,
          -0.13457887,
          0.6740219,
          0.726349,
          0,
          -1.0250756,
          1.5624317,
          1.7880086,
          1
        ]
      },
      {
        "date" : 802360242.18749,
        "title" : "Untitled",
        "transform" : [
          0.9530132,
          -0.0015758591,
          -0.30292478,
          0,
          -0.27505094,
          0.41452417,
          -0.86747724,
          0,
          0.12693667,
          0.910037,
          0.39461362,
          0,
          -0.29026803,
          2.2013218,
          1.3262254,
          1
        ]
      },
      {
        "date" : 802360232.886955,
        "title" : "Untitled",
        "transform" : [
          0.9285263,
          -0.001575866,
          -0.37126333,
          0,
          -0.28653595,
          0.63284296,
          -0.71931005,
          0,
          0.23608491,
          0.77427864,
          0.58715975,
          0,
          0,
          1.8287902,
          1.8287904,
          1
        ]
      }
    ],
    "972EE4DE-3C93-4366-8E10-97EF19CE56F1" : [
      {
        "date" : 802363213.805035,
        "title" : "Untitled",
        "transform" : [
          -0.9790793,
          3.7405964e-06,
          -0.20347932,
          0,
          -0.18518545,
          0.41438377,
          0.8910625,
          0,
          0.084321864,
          0.91010225,
          -0.40571383,
          0,
          0.0927797,
          0.29773864,
          -0.17249072,
          1
        ]
      },
      {
        "date" : 802363205.343285,
        "title" : "Untitled",
        "transform" : [
          -0.90423816,
          3.7373466e-06,
          -0.42702863,
          0,
          -0.35886082,
          0.542011,
          0.7598968,
          0,
          0.23145704,
          0.84037143,
          -0.49010563,
          0,
          0.14817578,
          0.26735535,
          -0.18323341,
          1
        ]
      },
      {
        "date" : 802363113.426762,
        "title" : "Untitled",
        "transform" : [
          -0.962091,
          3.739529e-06,
          -0.27272856,
          0,
          -0.11810164,
          0.9013703,
          0.41663367,
          0,
          0.24583095,
          0.4330492,
          -0.86719984,
          0,
          0.14497685,
          0.10821958,
          -0.30704987,
          1
        ]
      },
      {
        "date" : 802362909.456493,
        "title" : "Untitled",
        "transform" : [
          -0.77644014,
          3.7462448e-06,
          -0.63019097,
          0,
          -0.3493644,
          0.8322621,
          0.43044677,
          0,
          0.52448565,
          0.55438244,
          -0.64620036,
          0,
          0.2428031,
          0.1538208,
          -0.21070166,
          1
        ]
      },
      {
        "date" : 802361516.702586,
        "title" : "Untitled",
        "transform" : [
          -0.8877666,
          3.748055e-06,
          -0.46029404,
          0,
          -0.24714053,
          0.8436301,
          0.47666544,
          0,
          0.38831964,
          0.5369249,
          -0.7489456,
          0,
          0.19666067,
          0.14719199,
          -0.25820237,
          1
        ]
      },
      {
        "date" : 802361445.774017,
        "title" : "Untitled",
        "transform" : [
          -0.7728439,
          -1.8993811e-08,
          -0.6345963,
          0,
          -0.25411993,
          0.91632146,
          0.30948025,
          0,
          0.58149403,
          0.4004434,
          -0.7081734,
          0,
          0.19711506,
          0.14782025,
          -0.25907874,
          1
        ]
      },
      {
        "date" : 802361425.449114,
        "title" : "Untitled",
        "transform" : [
          -0.55030936,
          -1.9570942e-08,
          -0.8349609,
          0,
          -0.23839049,
          0.95837545,
          0.15711935,
          0,
          0.8002059,
          0.28551093,
          -0.52740294,
          0,
          0.27802584,
          0.10697416,
          -0.1976996,
          1
        ]
      },
      {
        "date" : 802361100.995337,
        "title" : "Untitled",
        "transform" : [
          -0.5680857,
          0.000109174136,
          -0.8229693,
          0,
          -0.14061457,
          0.98528194,
          0.097195156,
          0,
          0.8108676,
          0.1709368,
          -0.55970937,
          0,
          0.5627396,
          0.21652159,
          -0.4001549,
          1
        ]
      },
      {
        "date" : 802360919.076892,
        "title" : "Untitled",
        "transform" : [
          0.7772423,
          0.00010913736,
          -0.62920135,
          0,
          0.085082114,
          0.99079704,
          0.105272435,
          0,
          0.6234224,
          -0.13535592,
          0.77008015,
          0,
          0.24877307,
          -0.0014262123,
          0.2990569,
          1
        ]
      },
      {
        "date" : 802360374.126259,
        "title" : "Untitled",
        "transform" : [
          0.9998574,
          0.00010914907,
          0.016888037,
          0,
          0.010355399,
          0.7859746,
          -0.61817193,
          0,
          -0.013341042,
          0.61825866,
          0.78586143,
          0,
          0.00057555735,
          0.27865943,
          0.2714289,
          1
        ]
      }
    ],
    "BD7C1070-E975-4967-A5B4-44FB3583670F" : [
      {
        "date" : 802356518.989234,
        "title" : "Untitled",
        "transform" : [
          -0.9950736,
          7.7560225e-09,
          0.09913973,
          0,
          0.054668676,
          0.83422035,
          0.5487146,
          0,
          -0.0827052,
          0.5514309,
          -0.83011067,
          0,
          -0.07272407,
          0.21175298,
          -0.32123804,
          1
        ]
      },
      {
        "date" : 802356212.901758,
        "title" : "Untitled",
        "transform" : [
          -0.9950736,
          7.7560225e-09,
          0.09913973,
          0,
          0.054668676,
          0.83422035,
          0.5487146,
          0,
          -0.0827052,
          0.5514309,
          -0.83011067,
          0,
          -0.039724626,
          0.13465996,
          -0.37573755,
          1
        ]
      },
      {
        "date" : 802355120.797794,
        "title" : "Untitled",
        "transform" : [
          -0.9950736,
          7.7560225e-09,
          0.09913973,
          0,
          0.054668676,
          0.83422035,
          0.5487146,
          0,
          -0.0827052,
          0.5514309,
          -0.83011067,
          0,
          -0.039724626,
          0.13465996,
          -0.37573755,
          1
        ]
      },
      {
        "date" : 802355114.763804,
        "title" : "Untitled",
        "transform" : [
          -0.9950736,
          7.7560225e-09,
          0.09913973,
          0,
          0.054668676,
          0.83422035,
          0.5487146,
          0,
          -0.0827052,
          0.5514309,
          -0.83011067,
          0,
          -0.079873376,
          0.20740278,
          -0.32341537,
          1
        ]
      },
      {
        "date" : 802354972.064883,
        "title" : "Untitled",
        "transform" : [
          -0.9950736,
          7.7560225e-09,
          0.09913973,
          0,
          0.054668676,
          0.83422035,
          0.5487146,
          0,
          -0.0827052,
          0.5514309,
          -0.83011067,
          0,
          -0.06770727,
          0.21634927,
          -0.31868452,
          1
        ]
      },
      {
        "date" : 802346543.145714,
        "title" : "Untitled",
        "transform" : [
          -0.9662696,
          -5.1717386e-09,
          -0.25753266,
          0,
          -0.17848255,
          0.7208912,
          0.6696715,
          0,
          0.18565232,
          0.69304794,
          -0.69657576,
          0,
          0.017626934,
          0.19751766,
          -0.20506778,
          1
        ]
      },
      {
        "date" : 802346533.997195,
        "title" : "Untitled",
        "transform" : [
          -0.8862866,
          -9.823642e-09,
          -0.46313718,
          0,
          -0.34298167,
          0.6719884,
          0.65634996,
          0,
          0.31122226,
          0.74056137,
          -0.59557503,
          0,
          0.055710826,
          0.21087062,
          -0.18386568,
          1
        ]
      },
      {
        "date" : 802346527.111061,
        "title" : "Untitled",
        "transform" : [
          -0.8511935,
          5.41457e-09,
          -0.52485216,
          0,
          -0.4461932,
          0.52657074,
          0.72362626,
          0,
          0.2763711,
          0.8501311,
          -0.44821432,
          0,
          0.04690572,
          0.24160114,
          -0.14424086,
          1
        ]
      },
      {
        "date" : 802346512.611739,
        "title" : "Untitled",
        "transform" : [
          -0.99811894,
          6.6749855e-09,
          -0.061308328,
          0,
          -0.036761817,
          0.800283,
          0.5984946,
          0,
          0.049063098,
          0.5996222,
          -0.79877776,
          0,
          -0.021896902,
          0.1712295,
          -0.22710717,
          1
        ]
      },
      {
        "date" : 802346438.574519,
        "title" : "Untitled",
        "transform" : [
          -0.94368315,
          2.883817e-08,
          -0.3308508,
          0,
          -0.10665276,
          0.94661736,
          0.30420506,
          0,
          0.31318828,
          0.32235897,
          -0.8933072,
          0,
          0.054666158,
          0.09304227,
          -0.26406708,
          1
        ]
      }
    ],
    "EB1E5D2D-99BB-4324-8ED2-D8EB6ADBE514" : [
      {
        "date" : 802344463.956081,
        "title" : "Untitled",
        "transform" : [
          -0.16284412,
          6.260574e-11,
          -0.98665184,
          0,
          -0.2536597,
          0.966387,
          0.04186583,
          0,
          0.9534876,
          0.25709143,
          -0.15737046,
          0,
          50.533993,
          13.625609,
          -8.340493,
          1
        ]
      },
      {
        "date" : 802344461.557752,
        "title" : "Untitled",
        "transform" : [
          1,
          0,
          0,
          0,
          0,
          0.7071069,
          -0.70710677,
          0,
          0,
          0.70710677,
          0.7071069,
          0,
          0,
          37.47602,
          37.476036,
          1
        ]
      }
    ]
  },
  "sceneViewportBackgroundColors" : {

  },
  "selectedSceneRelativePath" : "PraiseBall.usda"
}